1002278995
1002286557
1003759939
1003802326
1006214921
1006240422
1006243132
1006789917
1006812768
1006825187
1008009127
1008034097
1008038818
1008101445
1008405193
1008420264
1010365405
1010367910
1010728435
1011563375
1014568272
1014574439
1014684953
1014701873
1014718384
1015419351
1016200443
1016203881
1016216011
1016713597
1017127639
1017568557
1017585684
1018108792
1018163421
1018167116
1018185479
1018201126
1018428383
1018470378
1018472900
1019115969
1019859834
1019885532
1020617587
1021492791
1021514964
1021517215
1021617146
1021629737
1021656224
1021672819
1021683785
1021690187
1021977623
1022125173
1022139861
1022141690
1022164268
1022188072
1022203642
1023731519
1024128885
1024207473
1024240858
1024244521
1024247603
1024717526
1024729905
1024755472
1026027546
1027918319
1027926752
1028592673
1029018993
1029137519
1029199492
1029200168
1029507470
1029648857
1029711411
1029715042
1029718464
1031055650
1031070435
1031074374
1031087106
1031641833
1031665854
1031680440
1032015251
1032017585
1032684732
1032713811
1032729469
1032772816
1032907384
1033246085
1033260347
1033267609
1033283429
1033311198
1033488302
1034719323
1035161213
1037392499
1039766062
1040441216
1041463726
1041487181
1041550105
1041830091
1041909422
1041916052
1041921574
1042403416
1042425736
1042437736
1042474079
1042491138
1042679272
1042685073
1042706341
1043039887
1043091306
1043419298
1043423873
1043446842
1043463978
1043468766
1043480314
1043486300
1043979906
1043992843
1043996254
1044021544
1044023203
1044035210
1044037899
1044046186
1044048668
1044049088
1044050447
1044127881
1044131425
1044152506
1044248232
1044252386
1044275344
1044303377
1044306963
1044341937
1044608781
1044640447
1044652868
1044697711
1044730696
1044753481
1044767582
1044793783
1044854372
1044970359
1044982488
1045161417
1045259798
1045283240
1045288024
1045321585
1045325532
1045656329
1045658874
1045663010
1045692286
1045704507
1045725566
1045996008
1046002579
1046070810
1046078036
1046083138
1046095009
1046176265
1046341591
1046354017
1046376651
1046876502
1046883567
1046888527
1047849797
1047914875
1047922083
1047945353
1048090538
1048878150
1048948276
1048955936
1049369479
1049421654
1049482923
1049497402
1049530383
1049754372
1050777972
1051490106
1051748627
1051756233
1053297757
1053742788
1054174753
1054189402
1054190162
1054191674
1054196976
1054418823
1054447791
1054461397
1054474190
1054481480
1054576179
1054917109
1054961866
1054970012
1054996272
1055007797
1055026773
1055028324
1055325930
1055380166
1055383501
1055895348
1057545060
1057554206
1057557621
1057833852
1057851381
1058074109
1058258995
1058261885
1058284430
1058456564
1058459394
1058492420
1058524989
1058527645
1058530837
1058545744
1058563177
1058864216
1058870866
1058876876
1058888313
1058920284
1059053520
1059254937
1059267065
1059297830
1059312290
1059315162
1059341044
1059560188
1059584492
1059592221
1059627897
1059643308
1059656151
1059679454
1059714763
1059721502
1059726509
1059999501
1060051249
1060123490
1060126554
1060149287
1060165702
1060182618
1060187635
1060211141
1060212608
1060466136
1060469177
1060583050
1060605776
1060793515
1060801423
1060949510
1060977507
1060978985
1060981454
1062007222
1062716897
1062751206
1062763456
723007477
724009816
724161772
737191778
768999402
769088216
769095359
769451134
769463052
770875393
777318407
777332333
792550863
793584230
798987179
799007910
799023855
799030289
803952726
804583679
804594699
804853371
804866652
805257640
807179291
809434889
810711230
812598242
813282407
821747028
850927709
862085740
871125176
872698444
873939146
874696879
874790310
875189750
875223625
875227505
875250633
875253318
883252703
883318286
885962480
885965695
886185690
886188651
886204905
886227586
886237549
886252739
886981819
892630131
892635748
892639242
894193545
894245690
894249136
894264504
894266364
894281350
895208893
895251761
895275445
895291424
895296217
895319441
895346113
895370810
895392616
895460858
895504956
895897256
895937243
895942474
895960392
895974573
896867766
896901716
896933352
896945717
897099161
897463444
897470027
897767470
897782640
897816557
897821858
898135897
898170363
898174866
898189084
898212527
898236278
898568518
898615663
898620298
898622507
898780975
898838528
898882571
898896423
898922020
898937608
899041248
899042682
899449841
899537579
899545831
899568080
899587794
899592922
900176524
900189940
900503995
900535926
900714784
900730217
900881687
900892739
901842939
901853909
902148727
902303694
902314455
902655890
902793434
902893954
902901512
903731758
903813801
906837799
906845197
906852821
907319523
907370032
907840327
907842529
907848995
907856933
907874551
908022421
908314398
908321851
908525115
908657623
908673438
908778591
909445801
909489114
909531758
909534738
909560726
909565159
909571393
909690231
911234369
912746329
912771671
914395158
914427494
914443590
914450090
914457028
916573990
916610939
918240625
918244815
918725062
919098460
919122731
919997716
920019957
921148223
921164561
921181073
921215177
922034762
922966801
923933498
924476051
924495817
924510329
924528329
924532214
924565132
924632315
924646861
924678897
924681429
924685379
924692554
924705038
924706801
924729328
924761450
925007300
925038589
925052155
925064334
925169897
925194812
925212210
925482648
925683624
925697948
925718473
925725416
925731506
925841324
925843303
925852138
926226939
926252735
926260326
926266101
926388217
926409508
926446208
926547174
926937461
926955978
927110275
927661787
927719831
927723552
928021273
928340234
928343882
928358083
928420810
928479535
928499962
928733696
928755184
928771298
928777427
928810996
928944299
928963382
929093836
929100341
929102675
929243036
929296164
929494728
929515616
929516521
929573326
929600306
929634146
929810883
929833298
929954079
930063802
930064573
930075371
930550465
930558771
930576467
930927159
930963813
930968675
930985950
931599687
931631186
931651876
931794921
931816066
931857880
931978034
931980775
931993840
932012603
932016205
932039080
932360642
932363781
932448232
932455692
932472665
932710402
932773451
932774893
932818481
932939819
932964816
932988191
933012244
933014893
933377833
933391799
933407365
933470884
933503904
933764486
933766732
933779037
933987570
934056482
934076193
934192246
934309989
934352514
934458306
934481428
934540981
935027438
935044337
935119431
935129884
935141113
935152149
935350378
935459104
935466443
935512465
935525761
935528929
935584285
935666197
935741446
936394682
936417747
936489294
936531554
936623970
936630488
936719323
936760236
936783468
936795467
936801842
936817497
937096390
937129560
937153806
937166831
937267148
937332025
937363086
937365372
938508095
938522095
938647036
938663028
938670959
938792382
938793670
938800312
938811199
938918898
938935861
939109084
939133381
939212509
939225988
939229488
939491675
939499238
940180254
940246958
940612498
940655152
941007468
941019780
941308674
941421286
941424276
941437807
942403526
942416272
942427841
942468246
942500741
942920084
942940432
942962219
942965447
943098673
943120213
943217051
943280249
943383500
943441318
943845631
943895862
943912927
943936553
944212539
944224107
944307998
944321148
944555526
944740877
945026669
945058325
945098265
946059356
946084599
946101499
946141929
946159596
946487791
946515850
947197507
947205556
947240092
947314187
947336004
947347362
947553699
947569181
947575612
948158765
948166407
948191258
948193043
949204449
949226311
949359755
949466286
949500051
949896472
949905257
950802485
950815007
950837401
950860821
950876118
950921970
950922673
950974446
950975801
950977682
950999343
951164374
951185339
952370393
952381750
952478002
952497967
952501334
953591839
954079746
955813926
956307165
956477725
956498363
956530359
956852019
956954061
957097714
957421975
957424270
958727774
958907366
958933577
958936411
958937287
961068721
962564229
962607505
962616549
963268460
963279770
963361761
963372929
964798732
965036483
965309483
965530627
965531131
966081823
967287578
967312632
967318492
967326762
967331976
967352928
967783857
967798066
967805323
967821858
967841319
967965317
967976727
967983029
968458990
968687844
968709058
968722150
968735442
968760388
969362585
971446347
972328569
972427164
972430984
972453232
972605470
972621071
972751660
972863841
972875998
972897295
973786727
974064330
974071536
974102268
974142123
974384300
974396938
974400917
974644263
974649164
974666850
975004718
975017848
975062340
975524841
975528327
975549349
975553365
975574312
975958682
975973373
975995217
976010207
976487576
976509308
976526353
976541830
977041526
977656193
977671412
977976930
978038202
978111206
978378213
978410665
978514448
978520762
978585129
978588701
978950517
979150784
979154401
979188214
979191698
979717947
980649852
981379371
981404689
981422297
981437333
981438719
981938002
983365144
983497159
983529599
983534457
983567550
983581223
983812213
985356545
985382995
986224918
987372659
987719186
988919808
988971830
988975139
988997008
993616140
993620499
993623190
995737256
995751254
995758506
995774592
996488721
996497040
996521455
996527828
996532996
996540089
996545047
996559748
997156607
997188507
997211965
997215078
997228141
997250225
999469132
999474121
999505857
999513809
999520889
999526682
